Ademir 6.00 4.00 4.00 36.00 50.00
Adriana 18.00 6.00 8.00 38.00 70.00
Adriane 10.00 8.00 6.00 50.00 74.00
Adriano 10.00 10.00 8.00 42.00 70.00
Adroaldo 10.00 8.00 8.00 48.00 74.00
Airton 14.00 8.00 8.00 56.00 86.00
Alam 8.00 6.00 4.00 32.00 50.00
Alcione 8.00 10.00 2.00 34.00 54.00
Alec 14.00 8.00 10.00 52.00 84.00
Aleckssandro 8.00 6.00 6.00 52.00 72.00
Alessandra 18.00 10.00 8.00 46.00 82.00
Alexandre 16.00 10.00 10.00 52.00 88.00
Alex 12.00 4.00 6.00 40.00 62.00
Alfredo 6.00 8.00 6.00 44.00 64.00
Alisson 10.00 8.00 6.00 34.00 58.00
Amanda 14.00 8.00 10.00 50.00 82.00
Ana 10.00 6.00 2.00 40.00 58.00
Anderson 4.00 8.00 6.00 38.00 56.00
André 14.00 10.00 10.00 52.00 86.00
Andrea 8.00 6.00 10.00 38.00 62.00
Andrei 12.00 6.00 8.00 30.00 56.00
Angelo 6.00 10.00 2.00 36.00 54.00
Anselmo 10.00 10.00 8.00 46.00 74.00
Antonio 10.00 6.00 4.00 36.00 56.00
Arthur 8.00 6.00 8.00 44.00 66.00
Augusto 16.00 6.00 8.00 46.00 76.00
Bruna 10.00 4.00 8.00 38.00 60.00
Bruno 10.00 8.00 2.00 38.00 58.00
Caio 16.00 10.00 8.00 56.00 90.00
Camila 18.00 8.00 10.00 50.00 86.00
Carlos 14.00 8.00 10.00 48.00 80.00
Caroline 8.00 4.00 8.00 54.00 74.00
Celio 18.00 10.00 6.00 56.00 90.00
Dalton 6.00 8.00 6.00 30.00 50.00
Daniela 12.00 10.00 4.00 32.00 58.00
Daniel 14.00 6.00 8.00 32.00 60.00
Davi 18.00 8.00 10.00 48.00 84.00
Deiverson 14.00 10.00 6.00 34.00 64.00
Denise 18.00 8.00 10.00 58.00 94.00
Diego 10.00 4.00 2.00 38.00 54.00
Edinei 8.00 8.00 2.00 48.00 66.00
Edison 6.00 6.00 4.00 38.00 54.00
Ednardo 8.00 6.00 4.00 42.00 60.00
Fabiano 14.00 8.00 10.00 50.00 82.00
Fabio 12.00 6.00 8.00 42.00 68.00
Gabriel 16.00 8.00 10.00 46.00 80.00
Gean 10.00 4.00 2.00 40.00 56.00
Hélio 16.00 8.00 8.00 42.00 74.00
Heliton 8.00 10.00 8.00 32.00 58.00
Hercules 12.00 8.00 4.00 50.00 74.00
Igor 10.00 10.00 6.00 32.00 58.00
Jackson 10.00 10.00 6.00 28.00 54.00
Jaime 14.00 8.00 10.00 52.00 84.00
Jair 10.00 4.00 2.00 42.00 58.00
Karila 10.00 10.00 4.00 40.00 64.00
Karine 10.00 10.00 4.00 34.00 58.00
Larissa 16.00 6.00 6.00 36.00 64.00
Leandro 14.00 10.00 8.00 36.00 68.00
Maciel 10.00 10.00 6.00 52.00 78.00
Nilton 8.00 6.00 6.00 36.00 56.00
Pablo 12.00 8.00 10.00 42.00 72.00
Patricia 16.00 8.00 6.00 44.00 74.00
Rafael 12.00 10.00 6.00 50.00 78.00
Ramon 6.00 6.00 10.00 38.00 60.00
Reginaldo 16.00 10.00 8.00 36.00 70.00
Stefani 12.00 6.00 4.00 40.00 62.00
Tatiane 8.00 4.00 2.00 36.00 50.00
Thiago 12.00 4.00 10.00 44.00 70.00
Ueider 10.00 6.00 4.00 38.00 58.00
Usla 18.00 10.00 10.00 52.00 90.00
Valdemir 10.00 8.00 0.00 34.00 52.00
Wellington 14.00 6.00 8.00 38.00 66.00
Yuri 10.00 6.00 8.00 48.00 72.00
